
step 0: 
0	4	8	
5	7	2	
3	1	6	

step 1: 
4	0	8	
5	7	2	
3	1	6	

step 2: 
4	7	8	
5	0	2	
3	1	6	

step 3: 
4	7	8	
5	1	2	
3	0	6	

step 4: 
4	7	8	
5	1	2	
3	6	0	

step 5: 
4	7	8	
5	1	0	
3	6	2	

step 6: 
4	7	8	
5	0	1	
3	6	2	

step 7: 
4	7	8	
5	6	1	
3	0	2	

step 8: 
4	7	8	
5	6	1	
0	3	2	

step 9: 
4	7	8	
0	6	1	
5	3	2	

step 10: 
4	7	8	
6	0	1	
5	3	2	

step 11: 
4	0	8	
6	7	1	
5	3	2	

step 12: 
0	4	8	
6	7	1	
5	3	2	

step 13: 
6	4	8	
0	7	1	
5	3	2	

step 14: 
6	4	8	
7	0	1	
5	3	2	

step 15: 
6	0	8	
7	4	1	
5	3	2	

step 16: 
6	8	0	
7	4	1	
5	3	2	

step 17: 
6	8	1	
7	4	0	
5	3	2	

step 18: 
6	8	1	
7	0	4	
5	3	2	

step 19: 
6	0	1	
7	8	4	
5	3	2	

step 20: 
0	6	1	
7	8	4	
5	3	2	

step 21: 
7	6	1	
0	8	4	
5	3	2	

step 22: 
7	6	1	
8	0	4	
5	3	2	

step 23: 
7	6	1	
8	3	4	
5	0	2	

step 24: 
7	6	1	
8	3	4	
0	5	2	

step 25: 
7	6	1	
0	3	4	
8	5	2	

step 26: 
0	6	1	
7	3	4	
8	5	2	

step 27: 
6	0	1	
7	3	4	
8	5	2	

step 28: 
6	1	0	
7	3	4	
8	5	2	
